***Prediction Results [4] _______________________ Array [
  Array [
    0.025264954194426537,
    0.016535690054297447,
    0.014541413635015488,
    0.012389514595270157,
    0.01192109752446413,
    0.011256241239607334,
    0.010751903988420963,
    0.010456235148012638,
    0.00987314898520708,
    0.009282516315579414,
    0.007692830637097359,
    0.007540461607277393,
    0.0073467581532895565,
    0.007239168975502253,
    0.0062446920201182365,
    0.005901499651372433,
    0.005590563639998436,
    0.005221779923886061,
    0.005174824967980385,
    0.005113327410072088,
    0.004925122484564781,
    0.004884880967438221,
    0.00487636448815465,
    0.004529586993157864,
    0.004510525148361921,
    0.004490337334573269,
    0.004485025070607662,
    0.00448400666937232,
    0.004480478819459677,
    0.0044756620191037655,
    0.004463593941181898,
    0.0044508748687803745,
    0.004448271822184324,
    0.0043191928416490555,
    0.0043017971329391,
    0.004293468315154314,
    0.0041316174902021885,
    0.004027417860925198,
    0.0039771427400410175,
    0.003931042272597551,
    0.003917870111763477,
    0.003910218831151724,
    0.003893317421898246,
    0.0038835250306874514,
    0.0038594321813434362,
    0.0038529415614902973,
    0.003847569227218628,
    0.0038421235512942076,
    0.0036774431355297565,
    0.003661460941657424,
    0.0036364335101097822,
    0.0036334528122097254,
    0.003593095112591982,
    0.003495339769870043,
    0.0034558619372546673,
    0.0034165855031460524,
    0.0033999658189713955,
    0.0033393027260899544,
    0.0032716533169150352,
    0.003258549841120839,
    0.003228067886084318,
    0.003215125761926174,
    0.0031785599421709776,
    0.0031754449009895325,
    0.0031693135388195515,
    0.003153248457238078,
    0.0031528661493211985,
    0.003148800926283002,
    0.0031474235001951456,
    0.003108931938186288,
    0.0031041395850479603,
    0.003098841989412904,
    0.003091012127697468,
    0.003079249057918787,
    0.0030779829248785973,
    0.003040149575099349,
    0.003019061405211687,
    0.003003334393724799,
    0.002999135060235858,
    0.002994669135659933,
    0.0029930295422673225,
    0.0029915249906480312,
    0.0029522362165153027,
    0.0029466338455677032,
    0.0029292895924299955,
    0.002913763513788581,
    0.0028997277840971947,
    0.0028689426835626364,
    0.0028539877384901047,
    0.002852342091500759,
    0.002844042144715786,
    0.0028437047731131315,
    0.0028387662023305893,
    0.002822162816300988,
    0.0028091969434171915,
    0.0028089634142816067,
    0.0028079841285943985,
    0.0027983663603663445,
    0.002795112319290638,
    0.002786656841635704,
  ],
]
