***Prediction Results [1] _______________________ Array [
  Array [
    Array [
      0,
      0.41453635692596436,
      0.9219443202018738,
      0.8622934818267822,
    ],
    Array [
      0,
      0.23228280246257782,
      0.8956112861633301,
      0.724338710308075,
    ],
    Array [
      0,
      0.1567169725894928,
      0.8111801743507385,
      0.8296412229537964,
    ],
    Array [
      0,
      0,
      0.8087602853775024,
      0.793472409248352,
    ],
    Array [
      0.053162768483161926,
      0,
      0.4969760775566101,
      0.21625444293022156,
    ],
    Array [
      0,
      0.03673446178436279,
      0.8990583419799805,
      0.5123302340507507,
    ],
    Array [
      0,
      0.039597779512405396,
      1,
      0.9831796884536743,
    ],
    Array [
      0,
      0.4638129770755768,
      0.7440527081489563,
      1,
    ],
    Array [
      0.028935760259628296,
      0.5102014541625977,
      1,
      0.940569281578064,
    ],
    Array [
      0.03107541799545288,
      0,
      0.8397897481918335,
      0.30236780643463135,
    ],
    Array [
      0,
      0,
      1,
      0.9454739093780518,
    ],
    Array [
      0.051664650440216064,
      0.30426523089408875,
      1,
      1,
    ],
    Array [
      0,
      0,
      0.7697559595108032,
      0.6975053548812866,
    ],
    Array [
      0.05955008417367935,
      0.0007812809199094772,
      0.21868756413459778,
      0.054152242839336395,
    ],
    Array [
      0.11444879323244095,
      0.004843462258577347,
      0.3224952220916748,
      0.09618300199508667,
    ],
    Array [
      0.2939152121543884,
      0.02123936265707016,
      0.741521418094635,
      0.21960002183914185,
    ],
    Array [
      0.1387578696012497,
      0,
      0.5948502421379089,
      0.14255276322364807,
    ],
    Array [
      0,
      0.2956244945526123,
      0.9273115992546082,
      1,
    ],
    Array [
      0.30051058530807495,
      0,
      0.7365840077400208,
      0.13410745561122894,
    ],
    Array [
      0.09615267068147659,
      0.0036118626594543457,
      0.2841147780418396,
      0.06116887927055359,
    ],
    Array [
      0.4516071081161499,
      0,
      0.8660067319869995,
      0.1399191915988922,
    ],
    Array [
      0.44746240973472595,
      0.019613929092884064,
      0.860183835029602,
      0.22498217225074768,
    ],
    Array [
      0.061230286955833435,
      0,
      0.4803849458694458,
      0.1557220071554184,
    ],
    Array [
      0.07910645008087158,
      0.695260763168335,
      0.8579489588737488,
      1,
    ],
    Array [
      0.5445754528045654,
      0.950210452079773,
      0.6909250020980835,
      1,
    ],
    Array [
      0.4946170449256897,
      0.9502479434013367,
      0.6413705945014954,
      1,
    ],
    Array [
      0.4446165859699249,
      0.9502546191215515,
      0.5914328694343567,
      1,
    ],
    Array [
      0.3946024775505066,
      0.9502551555633545,
      0.5414400100708008,
      1,
    ],
    Array [
      0.34447357058525085,
      0.9502561092376709,
      0.4914577305316925,
      1,
    ],
    Array [
      0.29378044605255127,
      0.9502511620521545,
      0.4415509104728699,
      1,
    ],
    Array [
      0.08879931271076202,
      0.9468308091163635,
      0.24377699196338654,
      1,
    ],
    Array [
      0.5946146249771118,
      0.9500937461853027,
      0.7397441864013672,
      1,
    ],
    Array [
      0.1244649589061737,
      0,
      0.7668914794921875,
      0.20535925030708313,
    ],
    Array [
      0.13508743047714233,
      0.9479108452796936,
      0.29309386014938354,
      1,
    ],
    Array [
      0.2406628131866455,
      0.9501281976699829,
      0.3920103907585144,
      1,
    ],
    Array [
      0.09852571785449982,
      0.04281512647867203,
      0.46178972721099854,
      0.2754673361778259,
    ],
    Array [
      0.09842196106910706,
      0,
      0.25443360209465027,
      0.05113610252737999,
    ],
    Array [
      0.6463766098022461,
      0.9498301148414612,
      0.7883092164993286,
      1,
    ],
    Array [
      0.18549993634223938,
      0.9492301940917969,
      0.3424689471721649,
      1,
    ],
    Array [
      0.4529023766517639,
      0,
      0.6556476950645447,
      0.058445997536182404,
    ],
    Array [
      0.3778854310512543,
      0,
      0.5809962749481201,
      0.05845693498849869,
    ],
    Array [
      0.3028419613838196,
      0,
      0.5060447454452515,
      0.0584915392100811,
    ],
    Array [
      0.511236310005188,
      0.0026237331330776215,
      0.696764349937439,
      0.05713571980595589,
    ],
    Array [
      0.2325316071510315,
      0.002963954582810402,
      0.42535263299942017,
      0.057745255529880524,
    ],
    Array [
      0.2855120301246643,
      0.0028251484036445618,
      0.4748939275741577,
      0.05735033005475998,
    ],
    Array [
      0.43585193157196045,
      0.002796761691570282,
      0.6247715950012207,
      0.05728094279766083,
    ],
    Array [
      0.3358273506164551,
      0.00279860757291317,
      0.5248317122459412,
      0.05728895217180252,
    ],
    Array [
      0,
      0,
      0.7175484299659729,
      0.5218126773834229,
    ],
    Array [
      0.19930630922317505,
      0,
      0.4072089195251465,
      0.06054576113820076,
    ],
    Array [
      0.561845064163208,
      0.0024208296090364456,
      0.741884708404541,
      0.05731414258480072,
    ],
    Array [
      0.5280616283416748,
      0,
      0.7265546321868896,
      0.058312028646469116,
    ],
    Array [
      0.14735177159309387,
      0,
      0.35317787528038025,
      0.06410444527864456,
    ],
    Array [
      0.056974321603775024,
      0,
      0.24689128994941711,
      0.060447074472904205,
    ],
    Array [
      0.04709693044424057,
      0.9457045197486877,
      0.19301050901412964,
      1,
    ],
    Array [
      0.8728243708610535,
      0,
      0.9841893315315247,
      0.054996639490127563,
    ],
    Array [
      0.17254260182380676,
      0.0024206731468439102,
      0.3746809661388397,
      0.05971968173980713,
    ],
    Array [
      0.578336775302887,
      0,
      0.7742186188697815,
      0.058477774262428284,
    ],
    Array [
      0.06645573675632477,
      0.005610164254903793,
      0.24985285103321075,
      0.08965979516506195,
    ],
    Array [
      0.8991026282310486,
      0.5821760296821594,
      0.9945263266563416,
      0.7400675415992737,
    ],
    Array [
      0.1461246758699417,
      0,
      0.3071575164794922,
      0.05258213356137276,
    ],
    Array [
      0.6309261322021484,
      0,
      0.8231619596481323,
      0.058306217193603516,
    ],
    Array [
      0.22548118233680725,
      0,
      0.3893485963344574,
      0.05039359629154205,
    ],
    Array [
      0.27745434641838074,
      0,
      0.4393666684627533,
      0.0497242733836174,
    ],
    Array [
      0.5028938055038452,
      0,
      0.663487434387207,
      0.049559302628040314,
    ],
    Array [
      0.61469966173172,
      0.0024233032017946243,
      0.7903080582618713,
      0.05814075469970703,
    ],
    Array [
      0.8991906046867371,
      0.5320671796798706,
      0.9944024682044983,
      0.6916797161102295,
    ],
    Array [
      0.327806293964386,
      0,
      0.4893175959587097,
      0.04960262030363083,
    ],
    Array [
      0.4278215169906616,
      0,
      0.5893007516860962,
      0.04958973079919815,
    ],
    Array [
      0.3778225779533386,
      0,
      0.5393056869506836,
      0.04959028959274292,
    ],
    Array [
      0.026070736348628998,
      0,
      0.15088725090026855,
      0.060782622545957565,
    ],
    Array [
      0.35477787256240845,
      0.07430977374315262,
      0.7021386027336121,
      0.27905839681625366,
    ],
    Array [
      0.5531090497970581,
      0,
      0.710676908493042,
      0.04947529733181,
    ],
    Array [
      0.5710909366607666,
      0.5784751176834106,
      0.7951654195785522,
      0.7734018564224243,
    ],
    Array [
      0.45361602306365967,
      0.07454659789800644,
      0.7924811840057373,
      0.28044021129608154,
    ],
    Array [
      0.13594520092010498,
      0.9337091445922852,
      0.30013757944107056,
      0.9842655658721924,
    ],
    Array [
      0.701694905757904,
      0.9489391446113586,
      0.8368834853172302,
      1,
    ],
    Array [
      0.8992161154747009,
      0.48217055201530457,
      0.9943222403526306,
      0.6422632932662964,
    ],
    Array [
      0.18839767575263977,
      0.06480710953474045,
      0.5587778091430664,
      0.2794952690601349,
    ],
    Array [
      0.8992447257041931,
      0.3574921190738678,
      0.994297444820404,
      0.5173566341400146,
    ],
    Array [
      0.1713258922100067,
      0.005042914301156998,
      0.3804946839809418,
      0.09429432451725006,
    ],
    Array [
      0.017181456089019775,
      0,
      0.6457555294036865,
      0.26710087060928345,
    ],
    Array [
      0.8992244601249695,
      0.40721020102500916,
      0.9943143725395203,
      0.5673540830612183,
    ],
    Array [
      0,
      0.2856036424636841,
      1,
      0.9041234254837036,
    ],
    Array [
      0.3088182508945465,
      0,
      0.9428167343139648,
      0.2078571319580078,
    ],
    Array [
      0.8993118405342102,
      0.3086329400539398,
      0.9942043423652649,
      0.4673669636249542,
    ],
    Array [
      0.694686233997345,
      0,
      1,
      0.25222763419151306,
    ],
    Array [
      0,
      0.571999728679657,
      0.13684332370758057,
      0.7962352633476257,
    ],
    Array [
      0.21895042061805725,
      0.5785633325576782,
      0.44782784581184387,
      0.7710174322128296,
    ],
    Array [
      0.46972405910491943,
      0.5789098143577576,
      0.6973742246627808,
      0.7706552147865295,
    ],
    Array [
      0,
      0,
      0.370600163936615,
      0.21453595161437988,
    ],
    Array [
      0.60...(truncated to the first 10000 characters)
