***Prediction Results [6] _______________________ Array [
  Array [
    Array [
      -0.012441577389836311,
      -0.011020894162356853,
      0.038129523396492004,
      0.02970663085579872,
    ],
    Array [
      -0.017719164490699768,
      -0.017601361498236656,
      0.04985953867435455,
      0.03496558964252472,
    ],
    Array [
      -0.009913650341331959,
      -0.01167737040668726,
      0.0293869748711586,
      0.03235675394535065,
    ],
    Array [
      -0.014323567971587181,
      -0.02269611321389675,
      0.03965218365192413,
      0.04005807638168335,
    ],
    Array [
      -0.012249761261045933,
      -0.00923058483749628,
      0.041963715106248856,
      0.026831015944480896,
    ],
    Array [
      -0.02238561399281025,
      -0.017750825732946396,
      0.05248595029115677,
      0.0334479883313179,
    ],
    Array [
      -0.006796352565288544,
      -0.0033101793378591537,
      0.041320525109767914,
      0.039216332137584686,
    ],
    Array [
      -0.009959233924746513,
      -0.009471701458096504,
      0.05039901286363602,
      0.042169325053691864,
    ],
    Array [
      -0.0059121716767549515,
      -0.0044237542897462845,
      0.031232262030243874,
      0.04176589101552963,
    ],
    Array [
      -0.008443053811788559,
      -0.016259942203760147,
      0.04031127691268921,
      0.04836755618453026,
    ],
    Array [
      -0.005138495936989784,
      -0.0014133527874946594,
      0.04596329480409622,
      0.03712964802980423,
    ],
    Array [
      -0.01253575086593628,
      -0.010681871324777603,
      0.05587463825941086,
      0.04193435236811638,
    ],
    Array [
      -0.006298627704381943,
      0.006709026172757149,
      0.039010804146528244,
      0.05449762940406799,
    ],
    Array [
      -0.00867423601448536,
      0.0005819816142320633,
      0.047620728611946106,
      0.05763419717550278,
    ],
    Array [
      -0.005088810808956623,
      0.0050786398351192474,
      0.03156290575861931,
      0.05715395510196686,
    ],
    Array [
      -0.007209097966551781,
      -0.004665650427341461,
      0.03933078795671463,
      0.062453851103782654,
    ],
    Array [
      -0.0051681362092494965,
      0.008698159828782082,
      0.043280165642499924,
      0.0521482452750206,
    ],
    Array [
      -0.012051541358232498,
      -0.0008776020258665085,
      0.05256767198443413,
      0.05688611418008804,
    ],
    Array [
      -0.005963434465229511,
      0.018392447382211685,
      0.03638309985399246,
      0.06881406903266907,
    ],
    Array [
      -0.00818672962486744,
      0.012084290385246277,
      0.04411032795906067,
      0.07220962643623352,
    ],
    Array [
      -0.00449912715703249,
      0.01731073297560215,
      0.03102749213576317,
      0.07139517366886139,
    ],
    Array [
      -0.0064660776406526566,
      0.007763296365737915,
      0.03735534846782684,
      0.07627171277999878,
    ],
    Array [
      -0.005247332155704498,
      0.020364249125123024,
      0.03993001580238342,
      0.06623231619596481,
    ],
    Array [
      -0.0124181117862463,
      0.010225923731923103,
      0.047855183482170105,
      0.0711350068449974,
    ],
    Array [
      -0.005932576023042202,
      0.03049151971936226,
      0.034311939030885696,
      0.08181312680244446,
    ],
    Array [
      -0.008424701169133186,
      0.024015147238969803,
      0.04083578288555145,
      0.08529937267303467,
    ],
    Array [
      -0.004441725090146065,
      0.02940431796014309,
      0.03005186654627323,
      0.0844169408082962,
    ],
    Array [
      -0.0064160460606217384,
      0.019491959363222122,
      0.03493309020996094,
      0.08970139920711517,
    ],
    Array [
      -0.005348276346921921,
      0.032659031450748444,
      0.03729287162423134,
      0.07914669811725616,
    ],
    Array [
      -0.01286186370998621,
      0.022348342463374138,
      0.04410913959145546,
      0.08410072326660156,
    ],
    Array [
      -0.006140256300568581,
      0.04302586615085602,
      0.03348879516124725,
      0.09477585554122925,
    ],
    Array [
      -0.008867716416716576,
      0.036667920649051666,
      0.039551518857479095,
      0.09834230691194534,
    ],
    Array [
      -0.004628504626452923,
      0.042082782834768295,
      0.029632434248924255,
      0.09733322262763977,
    ],
    Array [
      -0.006708364933729172,
      0.03224055841565132,
      0.03399324044585228,
      0.10260199010372162,
    ],
    Array [
      -0.005716865882277489,
      0.045334115624427795,
      0.03620076924562454,
      0.09191635251045227,
    ],
    Array [
      -0.013382523320615292,
      0.03503487631678581,
      0.04246244579553604,
      0.09713269770145416,
    ],
    Array [
      -0.006314809434115887,
      0.05552747845649719,
      0.03300546482205391,
      0.10744917392730713,
    ],
    Array [
      -0.009142923168838024,
      0.04908806085586548,
      0.03900885209441185,
      0.11113095283508301,
    ],
    Array [
      -0.004813952371478081,
      0.054619625210762024,
      0.029264142736792564,
      0.10996440052986145,
    ],
    Array [
      -0.006915399804711342,
      0.0447801798582077,
      0.03355857729911804,
      0.11528000235557556,
    ],
    Array [
      -0.005950480699539185,
      0.05789899080991745,
      0.03562774136662483,
      0.10448301583528519,
    ],
    Array [
      -0.013673912733793259,
      0.047555238008499146,
      0.04178627207875252,
      0.10988223552703857,
    ],
    Array [
      -0.006403048522770405,
      0.06804348528385162,
      0.03273865580558777,
      0.1202416867017746,
    ],
    Array [
      -0.009230530820786953,
      0.061658039689064026,
      0.038655441254377365,
      0.12403658032417297,
    ],
    Array [
      -0.0049076806753873825,
      0.06716851890087128,
      0.02908492647111416,
      0.12272365391254425,
    ],
    Array [
      -0.0069847097620368,
      0.05751042440533638,
      0.03329746052622795,
      0.12801417708396912,
    ],
    Array [
      -0.006067456677556038,
      0.07041671872138977,
      0.035318054258823395,
      0.11715157330036163,
    ],
    Array [
      -0.01383044570684433,
      0.06008851155638695,
      0.0413321889936924,
      0.12275059521198273,
    ],
    Array [
      -0.006384334526956081,
      0.08057868480682373,
      0.032536476850509644,
      0.13302193582057953,
    ],
    Array [
      -0.00920067448168993,
      0.07426172494888306,
      0.03835286945104599,
      0.13684812188148499,
    ],
    Array [
      -0.004892876371741295,
      0.07977459579706192,
      0.02897336520254612,
      0.1354435384273529,
    ],
    Array [
      -0.006934397853910923,
      0.07019060850143433,
      0.03307700902223587,
      0.14070068299770355,
    ],
    Array [
      -0.0060857199132442474,
      0.08295325934886932,
      0.03504139184951782,
      0.12988997995853424,
    ],
    Array [
      -0.013893957249820232,
      0.0726834088563919,
      0.04096415638923645,
      0.13555069267749786,
    ],
    Array [
      -0.006324419751763344,
      0.09301307797431946,
      0.032356441020965576,
      0.14554916322231293,
    ],
    Array [
      -0.009181778877973557,
      0.08673439919948578,
      0.038140181452035904,
      0.1493781954050064,
    ],
    Array [
      -0.004834975115954876,
      0.09227807819843292,
      0.02886286750435829,
      0.1479419618844986,
    ],
    Array [
      -0.006888038478791714,
      0.08268315345048904,
      0.03292474523186684,
      0.1531810164451599,
    ],
    Array [
      -0.0060918936505913734,
      0.0954190343618393,
      0.034802090376615524,
      0.14242424070835114,
    ],
    Array [
      -0.013910897076129913,
      0.08515948802232742,
      0.04070908948779106,
      0.14809897541999817,
    ],
    Array [
      -0.0063350610435009,
      0.10539659857749939,
      0.03221799060702324,
      0.15793025493621826,
    ],
    Array [
      -0.009238074533641338,
      0.09909044206142426,
      0.037969354540109634,
      0.16176529228687286,
    ],
    Array [
      -0.0048452746123075485,
      0.10468275099992752,
      0.028762711212038994,
      0.16031721234321594,
    ],
    Array [
      -0.006924159824848175,
      0.09505395591259003,
      0.03282032161951065,
      0.16554023325443268,
    ],
    Array [
      -0.006162544712424278,
      0.10784270614385605,
      0.034619107842445374,
      0.1548328697681427,
    ],
    Array [
      -0.01397571712732315,
      0.09755558520555496,
      0.04054131358861923,
      0.16049516201019287,
    ],
    Array [
      -0.006406840868294239,
      0.11782532930374146,
      0.032138776034116745,
      0.17034292221069336,
    ],
    Array [
      -0.009330698288977146,
      0.11146315932273865,
      0.03784991800785065,
      0.1741791069507599,
    ],
    Array [
      -0.00492047518491745,
      0.1171039342880249,
      0.028694920241832733,
      0.17272377014160156,
    ],
    Array [
      -0.007007913663983345,
      0.10744500160217285,
      0.032752737402915955,
      0.17791983485221863,
    ],
    Array [
      -0.006257573142647743,
      0.12029250711202621,
      0.034513987600803375,
      0.16727527976036072,
    ],
    Array [
      -0.01406988874077797,
      0.1099824383854866,
      0.04044177755713463,
      0.17291349172592163,
    ],
    Array [
      -0.00647377036511898,
      0.1303253024816513,
      0.03210638463497162,
      0.1828552931547165,
    ],
    Array [
      -0.00938763003796339,
      0.12394887208938599,
      0.03778248652815819,
      0.18669375777244568,
    ],
    Array [
      -0.004987746477127075,
      0.12960772216320038,
      0.028663355857133865,
      0.18522565066814423,
    ],
    Array [
      -0.007065150886774063,
      0.1199416071176529,
      0.032709259539842606,
      0.19039155542850494,
    ],
    Array [
      -0.006323047913610935,
      0.13278833031654358,
      0.034474994987249374,
      0.17979714274406433,
    ],...(truncated to the first 10000 characters)
