***Prediction Results [0] _______________________ Array [
  Array [
    50681,
    50669,
    51016,
    51001,
    48617,
    50657,
    51107,
    51028,
    50747,
    50645,
    51063,
    51149,
    51010,
    39610,
    40577,
    49217,
    48845,
    51029,
    49205,
    40330,
    49565,
    49577,
    48605,
    50699,
    44398,
    43918,
    43438,
    42958,
    42478,
    41998,
    40078,
    44878,
    50644,
    40558,
    41518,
    48623,
    40084,
    45358,
    41038,
    43685,
    42965,
    42245,
    44170,
    41530,
    42010,
    43450,
    42490,
    51004,
    41285,
    44650,
    44405,
    40805,
    39845,
    39598,
    47280,
    41050,
    44885,
    39857,
    47439,
    40564,
    45365,
    41284,
    41764,
    43924,
    45130,
    47427,
    42244,
    43204,
    42724,
    38890,
    49223,
    44404,
    49638,
    49463,
    40552,
    45838,
    47415,
    48863,
    47385,
    41057,
    50530,
    47397,
    51082,
    50764,
    47373,
    50940,
    48078,
    48798,
    49398,
    50404,
    44884,
    47451,
    50602,
    45610,
    49614,
    49608,
    49620,
    49038,
    49626,
    48066,
  ],
]
